47214
47213
47212
47211
47210
47209
47208
47207
47206
47205
47204
47203
47202
47201
47200
47199
47198
47197
47196
47195
47194
47193
47192
47191
47190
47189
47188
47187
47186
47185
47184
47183
47182
47181
47180
47179
47178
47177
47176
47175
47174
47173
47172
47171
47170
47169
47168
47167
47166
47165
47164
47163
47162
47161
47160
47159
47158
47157
47156
47155
47154
47153
47152
47151
47150
47149
47148
47147
47146
47145
47144
47143
47142
47141
47140
47139
47138
47137
47136
47135
47134
47133
47132
47131
47130
47129
47128
47127
47126
47125
47124
47123
47122
47121
47120
47119
47118
47117
47116
47115
47114
47113
47112
47111
47110
47109
47108
47107
47106
47105
47104
47103
47102
47101
47100
47099
47098
47097
47096
47095
47094
47093
47092
47091
47090
47089
47088
47087
47086
47085
47084
47083
47082
47081
47080
47079
47078
47077
47076
47075
47074
47073
47072
47071
47070
47069
47068
47067
47066
47065
47064
47063
47062
47061
47060
47059
47058
47057
47056
47055
47054
47053
47052
47051
47050
47049
47048
47047
47046
47045
47044
47043
47042
47041
47040
47039
47038
47037
47036
47035
47034
47033
47032
47031
47030
47029
47028
47027
47026
47025
47024
47023
47022
47021
47020
47019
47018
47017
47016
47015
47014
47013
47012
47011
47010
47009
47008
47007
47006
47005
47004
47003
47002
47001
47000
46999
46998
46997
46996
46995
46994
46993
46992
46991
46990
46989
46988
46987
46986
46985
46984
46983
46982
46981
46980
46979
46978
46977
46976
46975
46974
46973
46972
46971
46970
46969
46968
46967
46966
46965
46964
46963
46962
46961
46960
46959
46958
46957
46956
46955
46954
46953
46952
46951
46950
46949
46948
46947
46946
46945
46944
46943
46942
46941
46940
46939
46938
46937
46936
46935
46934
46933
46932
46931
46930
46929
46928
46927
46926
46925
46924
46923
46922
46921
46920
46919
46918
46917
46916
46915
46914
46913
46912
46911
46910
46909
46908
46907
46906
46905
46904
46903
46902
46901
46900
46899
46898
46897
46896
46895
46894
46893
46892
46891
46890
46889
46888
46887
46886
46885
46884
46883
46882
46881
46880
46879
46878
46877
46876
46875
46874
46873
46872
46871
46870
46869
46868
46867
46866
46865
46864
46863
46862
46861
46860
46859
46858
46857
46856
46855
46854
46853
46852
46851
46850
46849
46848
46847
46846
46845
46844
46843
46842
46841
46840
46839
46838
46837
46836
46835
46834
46833
46832
46831
46830
46829
46828
46827
46826
46825
46824
46823
46822
46821
46820
46819
46818
46817
46816
46815
46814
46813
46812
46811
46810
46809
46808
46807
46806
46805
46804
46803
46802
46801
46800
46799
46798
46797
46796
46795
46794
46793
46792
46791
46790
46789
46788
46787
46786
46785
46784
46783
46782
46781
46780
46779
46778
46777
46776
46775
46774
46773
46772
46771
46770
46769
46768
46767
46766
46765
46764
46763
46762
46761
46760
46759
46758
46757
46756
46755
46754
46753
46752
46751
46750
46749
46748
46747
46746
46745
46744
46743
46742
46741
46740
46739
46738
46737
46736
46735
46734
46733
46732
46731
46730
46729
46728
46727
46726
46725
46724
46723
46722
46721
46720
46719
46718
46717
46716
46715
46714
46713
46712
46711
46710
46709
46708
46707
46706
46705
46704
46703
46293
46291
46289
46288
46287
46285
46283
46281
46279
46278
46275
46273
46272
46270
46269
46267
46265
46263
46262
46260
46258
46257
46255
46253
46252
46250
46248
46246
46245
46243
46241
46240
46238
46236
46234
46232
46230
46228
46227
46225
46224
46221
46218
46217
46215
46213
46210
46208
46206
46204
46202
46200
46198
46196
46195
46193
46191
46187
46186
46184
46182
46180
46175
46173
46122
46119
46116
46114
46111
46110
46107
46102
46099
46097
46094
46088
46085
46079
46076
46070
46066
46061
46059
46051
46048
46047
46041
46039
46037
46035
46033
46031
46029
46027
46026
46024
46022
46021
46018
46017
46015
46012
46007
46006
46003
46002
46000
45994
45993
45991
45988
45984
45982
45979
45978
45974
45970
45968
45963
45960
45958
45954
45952
45949
45948
45942
45940
45935
45931
45930
45929
45927
45925
45923
45920
45917
45916
45913
45912
45910
45907
45904
45901
45899
45897
45895
45891
45889
45886
45884
45883
45880
45874
45873
45870
45865
45864
45862
45860
45857
45853
45852
45849
45848
45846
45844
45841
45838
45837
45835
45831
45829
45827
45826
45822
45821
45817
45815
45811
45806
45805
45804
45800
45798
45795
45792
45791
45788
45785
45784
45781
45778
45777
45772
45770
45695
45693
45689
45686
45683
45680
45677
45675
45673
45670
45665
45662
45659
45655
45650
45649
45644
45641
45638
45635
45630
45627
45625
45622
45618
45616
45613
45612
45607
45606
45603
45598
45595
45594
45586
45583
45582
45579
45574
45571
45569
45565
45562
45560
45555
45553
45551
45548
45547
45542
45539
45537
45531
45529
45527
45525
45520
45517
45514
45511
45506
45504
45500
45497
45495
45492
45486
45484
45483
45480
45477
45476
45474
45466
45465
45460
45458
45456
45452
45449
45446
45444
45442
45440
45439
45434
45433
45430
45427
45424
45421
45418
45414
45411
45409
45407
45400
45395
45392
45390
45388
45385
45380
45378
45376
45372
45369
45368
45365
45358
45355
45354
45347
45346
45344
45342
45337
45336
45333
45332
45328
45325
45320
45317
45314
45312
45310
45308
45303
45302
45295
45292
45291
45288
45287
45285
45283
45282
45281
45280
45277
45276
45271
45270
45266
45259
45257
45256
45254
45249
45248
45244
45241
45237
45234
45233
45231
45228
45225
45222
45220
45217
45213
45211
45209
45208
45205
45202
45199
45198
45195
45190
45186
45185
45180
45178
45177
45174
45173
45169
45163
45156
45155
45153
45151
45149
45142
45140
45138
45135
45132
45130
45128
45126
45121
45118
45117
45115
45113
45108
45106
45104
45100
45097
45094
45092
45087
45078
45076
45073
45071
45067
45066
45063
45059
45056
45054
45052
45049
45045
45043
45039
45034
45031
45029
45024
45021
45019
45017
45010
45009
45008
45001
45000
44997
44990
44987
44985
44983
44981
44978
44976
44975
44972
44969
44967
44963
44962
44960
44957
44953
44952
44950
44948
44946
44879
44876
44874
44871
44866
44865
44862
44861
44858
44855
44852
44851
44849
44845
44843
44841
44839
44837
44835
44831
44828
44827
44824
44822
44820
44817
44815
44812
44808
44806
44803
44802
44800
44798
44794
44793
44788
44778
44773
44772
44770
44757
44754
44753
44751
44748
44745
44743
44741
44740
44737
44735
44731
44730
44727
44726
44723
44720
44717
44716
44713
44711
44705
44701
44699
43768
43767
43766
43763
43761
43758
43754
43753
43751
43749
43747
43744
43741
43740
43738
43736
43733
43730
43727
43724
43723
43718
43715
43706
43704
43702
43688
43685
43684
43681
43677
43675
43673
43671
43667
43664
43194
42718
42717
42716
42715
42714
42713
42712
42711
42710
42709
42708
42707
42706
42332
42331
42329
42324
42319
42310
42271
42199
42194
42193
42190
42184
42178
42177
42174
42163
42160
42155
42145
42139
42137
42130
42125
42122
42121
42116
42111
42040
42036
42033
42008
42006
41986
41980
41878
41875
41873
41870
41867
41825
41823
41820
40819
40399
40396
40395
40390
40389
40376
40374
40264
40262
40260
40257
40254
40252
40251
40249
40248
40245
40244
40241
40240
40237
40235
40233
40231
40229
40228
40226
40224
40221
40218
40216
40215
40213
40211
40207
40205
40203
40201
40199
40197
40196
40194
40193
40190
40187
40185
40183
40181
40180
40178
40177
40174
40170
40168
40167
40165
40162
40158
40156
40153
40151
40150
40148
40146
40145
40140
40138
40137
40135
40132
40131
40128
40125
40123
40121
40119
40117
40116
40113
40110
40108
40106
40103
40102
40101
40098
40094
40092
40091
40089
40087
40084
40083
40080
40077
40075
40074
40072
40070
40068
40066
40064
40062
40060
40058
40057
40054
40053
40051
40049
40044
40043
40042
40039
40038
40031
38770
38766
38764
38762
38759
38757
38752
38751
38748
38747
38743
38740
38737
38735
38734
38730
38726
38723
38720
38719
38716
38714
38710
38707
38704
38702
38697
38696
38694
38689
38687
38684
38681
38676
38673
38670
38667
38659
38655
38653
38649
38647
38643
38640
38636
38634
38631
38625
38623
38620
38617
38613
38610
38607
38603
38600
38598
38521
38162
38159
38157
38156
38153
38149
38147
38144
38142
38141
38139
38135
38131
38129
38127
38121
38119
38117
38116
38112
38108
38105
38104
38103
38100
38098
38096
38091
38089
38087
38086
38085
38081
38078
38074
38073
38071
38069
38066
38063
38060
38058
38056
38055
38052
38051
38048
38043
38042
38040
38038
38035
38031
38029
38027
38026
38022
38019
38015
38014
38011
38009
38007
38002
38001
37998
37997
37995
37993
37989
37985
37984
37981
37980
37979
37976
37973
37970
37967
37964
37963
37961
37958
37954
37953
37950
37949
37948
37945
37942
37939
37936
37934
37932
37930
37925
37923
37922
37920
37918
37915
37912
37909
37907
37905
37903
37902
37900
37895
37893
37891
37889
37888
37886
37882
37879
37877
37875
37873
37871
37869
37863
37862
37859
37858
37856
37853
37849
37848
37845
37844
37843
37840
37837
37834
37832
37831
37828
37827
37825
37821
37818
37817
37816
37813
37811
37808
37805
37803
37802
37799
37797
37794
37792
37789
37786
37785
37784
37781
37776
37775
37773
37772
37769
37766
37763
37762
37759
37757
37755
37754
37751
37750
37748
37743
37741
37739
37737
37734
37733
37732
37729
37727
37725
37723
37720
37719
37716
37713
37710
37707
37706
37704
37702
37700
37697
37695
37692
37689
37687
37685
37683
37681
37679
37677
37676
37673
37672
37669
37666
37665
37664
37662
37659
37656
37655
37653
37650
37647
37644
37643
37642
37640
37639
37636
37633
37631
37628
37626
37625
37620
37466
35678
35658
35604
35579
35539
35397
35377
35373
35357
35333
35325
35319
35287
35286
35272
35246
35212
35092
35067
35046
35019
32249
32191
32139
29432
29386
29340
29308
29269
29133
29087
16379
16378
16377
16372
16289
16269
7051
889
888
870
869
868
867
866
865
864
863
860
852
846
845
